31880
31678
31886
31972
31896
31948
31724
31842
31892
31954
31816
31958
31886
32000
32080
31986
32018
31970
31900
31982
32060
31876
31960
32024
32050
32006
31946
31878
31910
31890
32018
31880
31948
31904
31852
31874
31730
31752
31758
31652
31864
31798
31766
31716
31732
31894
31682
31742
31744
31750
31758
31772
31876
31790
31810
31762
31750
31822
31590
31938
31914
31928
31888
31940
31926
31778
31786
31766
31806
31964
31854
31886
31914
31848
31882
31808
31878
31824
31954
31798
31914
31836
31844
31778
31752
31796
31808
31834
31866
31852
31910
31800
31892
31928
31732
31770
31700
31780
31814
31608
31840
31768
31854
31946
31838
31868
32006
31940
31918
32054
32118
32070
32072
31916
31968
31966
31946
31940
31976
32008
31904
31896
31946
31762
31690
31724
31848
31792
31850
31862
31890
31832
31738
31806
31720
31676
31750
31804
31856
31736
31746
31888
31812
31762
31686
31776
31764
31712
31754
31692
31712
31950
31728
31770
31750
31758
31948
31926
31986
32010
31982
31892
31912
31998
31970
32094
32066
32172
32070
32088
32076
32002
32038
32052
32042
32052
32054
32176
32036
31996
32002
31992
32070
31960
32086
32076
32116
32082
32022
31970
31908
32024
31984
31964
31968
31982
31972
31998
32004
31842
31900
31880
31862
32002
31950
31982
32052
31976
31922
31946
32002
31954
31974
32064
32046
32192
32152
32170
32076
32132
32248
32176
32250
32220
32212
32384
32208
32130
32142
32104
32112
32100
32082
32056
32156
32034
32078
32000
31860
31928
31830
31892
31824
31840
31906
31876
31888
31864
31852
31838
31958
31976
31898
31960
32064
31938
31998
31948
31918
31966
31880
32030
31994
32086
32008
32050
32062
32054
31954
32104
32076
32056
32180
32212
32180
32044
32044
32070
31978
32018
31982
32098
32054
32066
32068
31912
31870
31856
31818
31756
31822
31928
31784
31912
31900
31812
31826
31898
31916
31794
31832
31912
31920
31850
31902
31816
31864
31894
31796
31884
31888
31948
31884
31944
31894
31810
31738
31644
31798
31926
31912
31802
31804
31916
31804
31756
31794
31688
31770
31872
31886
31812
31814
31834
31852
31834
31724
31782
31882
31772
31872
31828
31798
31792
31846
31846
31782
31902
31842
31960
31894
31892
31836
31868
31820
31670
31774
31846
31902
31866
31812
31876
31906
31812
31888
31920
31938
31812
31970
31956
31948
31890
31844
31922
31842
31876
31872
31980
31964
31936
31922
31848
31828
31824
31810
31816
31856
31914
31976
31874
31914
31804
31812
31800
31838
31932
31796
31938
31910
31854
31906
31782
31874
31718
31832
31900
31996
31934
31886
31844
31930
31802
31834
31856
31950
31894
32026
32070
32002
31976
31904
32004
31968
31940
32012
32058
32140
32108
32042
31988
31986
31922
32042
31930
32062
32030
32108
32104
32010
31996
32002
32036
31816
31864
31868
31954
31920
31858
31810
31764
31778
31718
31628
31770
31808
31750
31770
31650
31696
31606
31624
31472
31762
31724
31794
31784
31692
31702
31744
31782
31802
31764
31888
31916
32020
31916
31936
31922
31876
31926
31964
31930
31910
31932
31880
31862
31932
31744
31728
31690
31662
31582
31506
31710
31736
31666
31844
31842
31650
31508
31596
31670
31738
31662
31626
31628
31770
31726
31712
31732
31798
31776
31776
31808
31848
31738
31796
31692
31698
31738
31906
31944
31836
31796
31844
31830
31760
31852
31786
31826
31926
31944
31930
31910
31822
31720
31646
31716
31866
31824
31788
31784
31810
31846
31948
31928
31872
31974
31878
31964
31830
31966
32056
31974
32028
31934
31898
31812
31982
31890
31852
31850
31778
31766
31788
31810
31694
31872
31852
31956
31944
31924
31906
31896
31758
31886
31820
31922
31954
31936
32044
31932
31960
31984
31952
31958
31956
31994
32010
31994
31972
31964
31834
31762
31816
31856
31832
31950
31882
32004
31882
31920
32018
31908
31974
31872
31930
32066
31988
32130
32090
32116
32110
32208
32216
32216
32100
32226
32506
32394
32326
32218
32154
32322
32350
32360
32434
32486
32584
32478
32418
32336
32384
32530
32326
32354
32430
32532
32610
32504
32382
32408
32412
32220
32328
32386
32202
32390
32338
32284
32098
32184
32280
32186
32144
32186
32260
32324
32220
32190
32144
32264
32254
32220
32254
32382
32608
32644
32564
32406
32528
32674
32612
32530
32650
32726
32904
32864
32566
32820
32964
33104
33022
32720
32692
33254
33184
33244
32768
32678
33026
32996
32740
32912
32974
33426
33272
33212
33096
33288
33492
33028
33232
33216
33340
33752
33836
33498
33470
33812
33918
33514
33460
33314
34134
33832
33856
33420
33672
33992
33814
33236
33310
34030
34508
34170
33708
34020
34636
34956
34778
33724
34556
35696
35924
35600
35600
35600
35600
35600
35600
35600
35600
35600
35600
35600
35600
35600
35600
35600
35600
35600
35600
35600
35600
35600
35600
35600
35600
35600
35600
35600
35600
35600
35600
35600
35600
35600
35600
35600
35600
35600
35600
35600
35600
35600
35600
47928
47928
47928
47928
47928
47928
47928
47928
47928
47928
47928
47928
47928
47928
47928
47928
41096
40712
41122
41122
41122
40596
40596
40596
40596
40596
40596
40596
40596
40596
40596
40596
40596
40596
40596
40596
40596
40596
40596
48278
49352
49352
49352
49352
49352
49352
49352
49352
49352
49352
49352
49352
49352
49352
49086
49086
49086
49086
49086
49086
49086
49086
49086
49086
49086
49086
49086
49086
49086
49086
49086
49086
49086
49086
49086
49086
49086
49086
49086
49086
49086
49086
49086
49086
49086
49086
49086
49086
49086
49086
49086
49086
49086
49086
49086
49086
49086
49086
49086
49086
49086
49086
49086
49086
49086
49086
49086
49086
49086
49086
49086
49086
49086
49086
49086
45996
45376
45376
45376
45376
45376
45376
45376
45376
45376
45376
45376
45376
45376
45376
45376
45376
45376
45376
45376
45376
45376
45376
45376
45376
45376
45376
45376
45376
45376
45376
45376
45376
45376
45376
45376
45376
45376
45376
45376
45376
45376
45376
45376
45376
45376
45376
45376
45376
45376
45376
45376
45376
45376
45376
45376
45376
45376
45376
45376
45376
45376
45376
45376
45376
45376
45376
45376
45376
45376
45376
45376
45376
45376
45376
45376
45376
45376
45376
45376
45376
45376
45376
45376
45376
45376
45376
45376
45376
45376
45376
45376
45376
45376
45376
45376
45376
45376
45376
45376
45376
45376
45376
45376
45376
45376
45376
45376
45376
45376
45376
45376
45376
45376
45376
45376
45376
45376
45376
45376
45376
45376
45376
45376
45376
45376
45376
45376
45376
45376
45376
45376
45376
45376
45376
45376
45376
45376
45376
45376
45376
45376
45376
45376
45376
45376
45376
45376
45376
45376
45376
45376
45376
45376
45376
45376
45376
45376
45376
45376
45376
45376
45376
45376
45376
45376
45376
45376
45376
45376
45376
45376
45376
45376
45376
45376
45376
45376
45376
45376
45376
45376
45376
45376
45376
45376
45376
4710
4580
3968
3968
3968
3968
3968
3968
3968
3968
3968
3968
3968
3968
3968
3968
3968
3968
17216
17216
17216
17216
17216
17216
17216
17216
17216
17216
17216
17216
17216
17216
17216
17216
17216
17216
17216
17216
17216
17216
17216
17216
17216
17216
17216
17216
17216
17216
17216
17216
17216
17216
17216
17216
17216
17216
17216
17216
17216
17216
17216
17216
17216
17216
17216
17216
17216
17216
17216
17216
17216
17216
17216
17216
17216
17216
17216
17216
17216
17216
17216
17216
17216
17216
17216
17216
17216
17216
17216
17216
17216
17216
17216
17216
17216
17216
17216
17216
17216
17216
17216
17216
32830
32902
32848
33284
33412
32954
32886
32886
32886
32886
32886
32886
32886
32886
32886
32886
32886
32886
32886
32886
32886
32886
32886
32886
32886
32886
32886
32886
32886
32886
32886
32886
32886
32886
32886
32886
32886
32886
32886
32886
32886
32886
32886
32886
32886
32886
32886
32886
32886
32886
32886
32886
32886
32886
32886
32886
32886
32886
32886
32886
32886
32886
32886
32150
32006
32170
32304
32318
32318
32318
32318
32318
32318
32318
32318
32318
32318
32318
32318
32318
32318
32318
32448
32296
32144
32308
32308
32308
32308
32308
32308
32308
32308
32308
32308
32308
32308
32308
32308
32308
32308
32308
32308
32308
32308
32308
32308
32308
32308
32308
32308
32308
32308
32308
32308
32308
32308
32308
32308
32308
32308
32308
32308
32308
32308
32308
32308
32308
32308
32308
32308
32308
31908
31948
31882
31910
32030
31978
32120
32034
32060
31966
31978
31922
31952
32012
31968
31972
31928
31954
31948
31860
31904
31904
31904
31904
31904
31904
31904
32014
32016
31898
31944
31992
31982
32040
32046
32202
32130
32046
32022
32074
32076
32170
32028
32018
32184
32220
32160
32086
32034
32076
32192
32118
32124
32146
32212
32152
32124
32082
32040
32154
32032
32116
32174
32222
32228
32136
32112
32114
32152
32104
32056
32136
32114
32188
32196
32098
31952
31998
31998
31998
31998
31998
31998
31998
31998
31998
31998
31998
31998
31998
31848
31998
32188
32042
32112
32098
31980
31958
32048
32054
31986
31968
32056
32022
31910
31878
31878
31878
31878
31878
31878
31878
31878
31878
31878
31878
31878
31878
31878
31878
31878
31878
31878
31878
31878
31878
31878
31878
31878
31878
31766
31736
31818
31922
31728
31774
31760
31874
31886
31810
31936
31910
31876
31794
31822
31872
31980
31890
31970
31878
31998
31930
31916
31920
31844
31900
31966
32008
31938
31958
31882
31862
31950
31890
31858
31808
31888
31862
31998
31954
31932
31804
31974
31832
31854
31844
31984
31970
31996
32036
32022
32004
31930
31994
31952
32022
32040
32086
32072
31994
31980
32006
31896
31758
31874
31878
31878
31878
31878
31878
31878
31878
31878
31878
31878
31878
31990
32008
31964
31992
31988
31850
31946
31884
31882
31922
31786
32020
31938
31880
31842
31832
31832
31832
31954
32050
32096
32124
32108
32078
31924
32040
32034
31898
32016
32086
32034
31924
31918
31858
31858
31858
31858
31858
31858
31858
31858
31858
31858
31858
31858
31858
31858
31858
31858
31916
32018
31994
31942
31916
32036
32028
32056
32062
32084
32084
32084
32072
32064
32030
32066
32096
32048
32126
32172
32170
32082
32032
31930
31980
31918
31936
31936
31936
31936
31936
31936
31936
31936
31936
31936
31936
31936
31936
31936
31936
31998
31850
31920
32010
31982
31892
32052
32004
31938
32000
31944
31968
31976
31910
31984
32032
31988
32056
32084
31904
31894
31966
32044
32010
32026
32044
32096
32104
31948
32078
31986
32002
31988
32016
31938
32016
31994
31906
31902
31902
31902
31902
31902
31902
31902
31902
31902
31902
31936
31920
31954
31996
32054
31900
32074
32108
32036
32058
32198
31912
31888
0
0
0
0
0
0
0
0
0
0
0
0
0
0
0
0
0
0
0
0
0
0
0
0
0
0
0
0
0
0
0
0
0
0
0
0
0
0
0
0
0
0
0
0
0
0
0
0
0
0
0
0
0
0
0
0
0
0
0
0
0
0
0
0
0
0
0
0
0
0
0
0
0
0
0
0
0
0
0
0
0
0
0
0
0
0
0
0
0
0
0
0
0
0
0
0
0
0
0
0
0
0
0
0
0
0
0
0
0
0
0
0
0
0
0
0
0
0
0
0
0
0
0
0
0
0
0
0
0
0
0
0
0
0
0
0
0
0
0
0
0
0
0
0
0
0
0
0
0
0
0
0
0
0
0
0
0
0
0
0
0
0
0
0
0
0
0
0
0
0
0
0
0
0
0
0
0
0
0
0
0
0
0
0
0
0
0
0
0
0
0
0
0
0
0
0
0
0
0
0
0
0
0
0
0
0
0
0
0
0
0
0
0
0
0
0
0
0
0
0
0
0
0
0
0
0
0
0
0
0
0
0
0
0
0
0
0
0
0
0
0
0
0
0
0
0
0
0
0
0
0
0
0
0
0
0
0
0
0
0
0
0
0
0
0
0
0
0
0
0
0
0
0
0
0
0
0
0
0
0
0
0
0
0
0
0
0
0
0
0
0
0
0
0
0
0
0
0
0
0
0
0
0
0
0
0
0
0
0
0
0
0
0
0
0
0
0
0
0
0
0
0
0
0
0
0
0
0
0
0
0
0
0
0
0
0
0
0
0
0
0
0
0
0
0
0
0
0
0
0
0
0
0
0
0
0
0
0
0
0
0
0
0
0
0
0
0
0
0
0
0
0
0
0
0
0
0
0
0
0
0
0
0
0
0
0
0
0
0
0
0
0
0
0
0
0
0
0
0
0
0
0
0
0
0
0
0
0
0
0
0
0
0
0
0
0
0
0
0
0
0
0
0
0
0
0
0
0
0
0
0
0
0
0
0
0
0
0
0
0
0
0
0
0
0
0
0
0
0
0
0
0
0
0
0
0
0
0
0
0
0
0
0
0
0
0
0
0
0
0
0
0
0
0
0
0
0
0
0
0
0
0
0
0
0
0
0
0
0
0
0
0
0
0
0
0
0
0
0
0
0
0
0
0
0
0
0
0
0
0
0
0
0
0
0
0
0
0
0
0
0
0
0
0
0
0
0
0
0
0
0
0
0
0
0
0
0
0
0
0
0
0
0
0
0
0
0
0
0
0
0
0
0
0
0
0
0
0
0
0
0
0
0
0
0
0
0
0
0
0
0
0
0
0
0
0
0
0
0
0
0
0
0
0
0
0
0
0
0
0
0
0
0
0
0
0
0
0
0
0
0
0
0
0
0
0
0
0
0
0
0
0
0
0
0
0
0
0
0
0
0
0
0
0
0
0
0
0
0
0
0
0
0
0
0
0
0
0
0
0
0
0
0
0
0
0
0
0
0
0
0
0
0
0
0
0
0
0
0
0
0
0
0
0
0
0
0
0
0
0
0
0
0
0
0
0
0
0
0
0
0
0
0
0
0
0
0
0
0
0
0
0
0
0
0
0
0
0
0
0
0
0
0
0
0
0
0
0
0
0
0
0
0
0
0
0
0
0
0
0
0
0
0
0
0
0
0
0
0
0
0
0
0
0
0
0
0
0
0
0
0
0
0
0
0
0
0
0
0
0
0
0
0
0
0
0
0
0
0
0
0
0
0
0
0
0
0
0
0
0
0
0
0
0
0
0
0
0
0
0
0
0
0
0
0
0
0
0
0
0
0
0
0
0
0
0
0
0
0
0
0
0
0
0
0
0
0
0
0
0
0
0
0
0
0
0
0
0
0
0
0
0
0
0
0
0
0
0
0
0
0
0
0
0
0
0
0
0
0
0
0
0
0
0
0
0
0
0
0
0
0
0
0
0
0
0
0
0
0
0
0
0
0
0
0
0
0
0
0
0
0
0
0
0
0
0
0
0
0
0
0
0
0
0
0
0
0
0
0
0
0
0
0
0
0
0
0
0
0
0
0
0
0
0
0
0
0
0
0
0
0
0
0
0
0
0
0
0
0
0
0
0
0
0
0
0
0
0
0
0
0
0
0
0
0
0
0
0
0
0
0
0
0
0
0
0
0
0
0
0
0
0
0
0
0
0
0
0
0
0
0
0
0
0
0
0
0
0
0
0
0
0
0
0
0
0
0
0
0
0
0
0
0
0
0
0
0
0
0
0
0
0
0
0
0
0
0
0
0
0
0
0
0
0
0
0
0
0
0
0
0
0
0
0
0
0
0
0
0
0
0
0
0
0
0
0
0
0
0
0
0
0
0
0
0
0
0
0
0
0
0
0
0
0
0
0
0
0
0
0
0
0
0
0
0
0
0
0
0
0
0
0
0
0
0
0
0
0
0
0
0
0
0
0
0
0
0
0
0
0
0
0
0
0
0
0
0
0
0
0
0
0
0
0
0
0
0
0
0
0
0
0
0
0
0
0
0
0
0
0
0
0
0
0
0
0
0
0
0
0
0
0
0
0
0
0
0
0
0
0
0
0
0
0
0
0
0
0
0
0
0
0
0
0
0
0
0
0
0
0
0
0
0
0
0
0
0
0
0
0
0
0
0
0
0
0
0
0
0
0
0
0
0
0
0
0
0
0
0
0
0
0
0
0
0
0
0
0
0
0
0
0
0
0
0
0
0
0
0
0
0
0
0
0
0
0
0
0
0
0
0
0
0
0
0
0
0
0
0
0
0
0
0
0
0
0
0
0
0
0
0
0
0
0
0
0
0
0
0
0
0
0
0
0
0
0
0
0
0
0
0
0
0
0
0
0
0
0
0
0
0
0
0
0
0
0
0
0
0
0
0
0
0
0
0
0
0
0
0
0
0
0
0
0
0
0
0
0
0
0
0
0
0
0
0
0
0
0
0
0
0
0
0
0
0
0
0
0
0
0
0
0
0
0
0
0
0
0
0
0
0
0
0
0
0
0
0
0
0
0
