31880
31678
31886
31972
31896
31948
31724
31842
31892
31954
31816
31958
31886
32000
32080
31986
32018
31970
31900
31982
32060
31876
31960
32024
32050
32006
31946
31878
31910
31890
32018
31880
31948
31904
31852
31874
31730
31752
31758
31652
31864
31798
31766
31716
31732
31894
31682
31742
31744
31750
31758
31772
31876
31790
31810
31762
31750
31822
31590
31938
31914
31928
31888
31940
31926
31778
31786
31766
31806
31964
31854
31886
31914
31848
31882
31808
31878
31824
31954
31798
31914
31836
31844
31778
31752
31796
31808
31834
31866
31852
31910
31800
31892
31928
31732
31770
31700
31780
31814
31608
31840
31768
31854
31946
31838
31868
32006
31940
31918
32054
32118
32070
32072
31916
31968
31966
31946
31940
31976
32008
31904
31896
31946
31762
31690
31724
31848
31792
31850
31862
31890
31832
31738
31806
31720
31676
31750
31804
31856
31736
31746
31888
31812
31762
31686
31776
31764
31712
31754
31692
31712
31950
31728
31770
31750
31758
31948
31926
31986
32010
31982
31892
31912
31998
31970
32094
32066
32172
32070
32088
32076
32002
32038
32052
32042
32052
32054
32176
32036
31996
32002
31992
32070
31960
32086
32076
32116
32082
32022
31970
31908
32024
31984
31964
31968
31982
31972
31998
32004
31842
31900
31880
31862
32002
31950
31982
32052
31976
31922
31946
32002
31954
31974
32064
32046
32192
32152
32170
32076
32132
32248
32176
32250
32220
32212
32384
32208
32130
32142
32104
32112
32100
32082
32056
32156
32034
32078
32000
31860
31928
31830
31892
31824
31840
31906
31876
31888
31864
31852
31838
31958
31976
31898
31960
32064
31938
31998
31948
31918
31966
31880
32030
31994
32086
32008
32050
32062
32054
31954
32104
32076
32056
32180
32212
32180
32044
32044
32070
31978
32018
31982
32098
32054
32066
32068
31912
31870
31856
31818
31756
31822
31928
31784
31912
31900
31812
31826
31898
31916
31794
31832
31912
31920
31850
31902
31816
31864
31894
31796
31884
31888
31948
31884
31944
31894
31810
31738
31644
31798
31926
31912
31802
31804
31916
31804
31756
31794
31688
31770
31872
31886
31812
31814
31834
31852
31834
31724
31782
31882
31772
31872
31828
31798
31792
31846
31846
31782
31902
31842
31960
31894
31892
31836
31868
31820
31670
31774
31846
31902
31866
31812
31876
31906
31812
31888
31920
31938
31812
31970
31956
31948
31890
31844
31922
31842
31876
31872
31980
31964
31936
31922
31848
31828
31824
31810
31816
31856
31914
31976
31874
31914
31804
31812
31800
31838
31932
31796
31938
31910
31854
31906
31782
31874
31718
31832
31900
31996
31934
31886
31844
31930
31802
31834
31856
31950
31894
32026
32070
32002
31976
31904
32004
31968
31940
32012
32058
32140
32108
32042
31988
31986
31922
32042
31930
32062
32030
32108
32104
32010
31996
32002
32036
31816
31864
31868
31954
31920
31858
31810
31764
31778
31718
31628
31770
31808
31750
31770
31650
31696
31606
31624
31472
31762
31724
31794
31784
31692
31702
31744
31782
31802
31764
31888
31916
32020
31916
31936
31922
31876
31926
31964
31930
31910
31932
31880
31862
31932
31744
31728
31690
31662
31582
31506
31710
31736
31666
31844
31842
31650
31508
31596
31670
31738
31662
31626
31628
31770
31726
31712
31732
31798
31776
31776
31808
31848
31738
31796
31692
31698
31738
31906
31944
31836
31796
31844
31830
31760
31852
31786
31826
31926
31944
31930
31910
31822
31720
31646
31716
31866
31824
31788
31784
31810
31846
31948
31928
31872
31974
31878
31964
31830
31966
32056
31974
32028
31934
31898
31812
31982
31890
31852
31850
31778
31766
31788
31810
31694
31872
31852
31956
31944
31924
31906
31896
31758
31886
31820
31922
31954
31936
32044
31932
31960
31984
31952
31958
31956
31994
32010
31994
31972
31964
31834
31762
31816
31856
31832
31950
31882
32004
31882
31920
32018
31908
31974
31872
31930
32066
31988
32130
32090
32116
32110
32208
32216
32216
32100
32226
32506
32394
32326
32218
32154
32322
32350
32360
32434
32486
32584
32478
32418
32336
32384
32530
32326
32354
32430
32532
32610
32504
32382
32408
32412
32220
32328
32386
32202
32390
32338
32284
32098
32184
32280
32186
32144
32186
32260
32324
32220
32190
32144
32264
32254
32220
32254
32382
32608
32644
32564
32406
32528
32674
32612
32530
32650
32726
32904
32864
32566
32820
32964
33104
33022
32720
32692
33254
33184
33244
32768
32678
33026
32996
32740
32912
32974
33426
33272
33212
33096
33288
33492
33028
33232
33216
33340
33752
33836
33498
33470
33812
33918
33514
33460
33314
34134
33832
33856
33420
33672
33992
33814
33236
33310
34030
34508
34170
33708
34020
34636
34956
34778
33724
34556
35696
35924
35600
35406
36716
37246
37162
37450
36962
37184
38548
38686
37484
37320
37784
38374
37760
35638
35600
37406
38074
38748
37112
37542
38958
38804
38184
38086
38638
40728
41270
40068
39200
41644
42234
41562
42238
42756
43880
45510
45800
46538
43786
47058
47928
47134
45744
44060
46024
47260
46280
45062
45810
46650
44972
45826
43414
42898
44592
44112
41096
40712
41122
43154
43294
40596
42238
43032
44700
44764
43540
45656
46590
46448
44508
46420
45696
49178
49902
49232
47678
50108
51412
48278
49352
50438
50756
52194
52418
50084
52088
50100
51950
50444
50994
49342
50790
51808
49086
51260
52036
53140
51506
47390
46960
47148
49536
48372
46468
45276
46686
47932
46546
46848
47326
47810
49526
48108
46548
49420
50362
48866
48688
48128
47426
50402
50474
48564
47930
49542
49310
48880
44724
46492
45252
47222
43476
44178
44212
45398
45596
43880
44648
43224
45018
44588
42914
44202
45086
45668
45304
42818
44260
44870
45108
44122
45090
44046
44714
45996
45376
43692
45130
45016
46594
44738
43648
43694
46304
45162
44520
46464
46052
48748
48532
47514
47652
48734
50474
49792
46534
43248
46516
49086
48924
46100
46812
46956
46858
43982
42086
41250
43238
41410
39492
38954
39576
38974
37476
37200
37058
36008
37212
37032
37618
37572
38372
39394
38040
38362
38492
40922
42420
40548
41242
41980
42968
43218
40954
41812
41876
44892
43620
44160
43194
44926
46174
43802
43742
45044
44854
47226
45310
44944
45668
46476
46916
45236
45746
44222
45486
44026
43640
42282
42428
43308
42506
40678
41478
40536
41096
39730
39782
39704
39730
39606
38298
37414
39210
38748
40822
39664
40142
40548
39980
37654
37212
35720
34194
34756
33588
32952
32286
31478
30462
29768
29408
28358
26836
26026
26274
27040
26040
24754
23778
23420
25616
23928
22526
21914
21512
22490
21390
20746
20748
20324
19966
19128
18304
18244
17508
17268
15912
14590
14002
17454
14474
12184
10802
10964
9956
8176
6210
8580
9672
8100
7914
3376
3444
4934
7718
2864
3632
4366
5656
7414
5494
1910
3534
2978
5394
2360
2852
3562
4064
4054
3214
2312
2294
3774
2936
4288
2258
5150
4348
5284
4710
4580
3968
7196
3674
3428
5016
10650
10800
9442
8898
10386
11496
12740
11874
13906
15828
16378
17216
16398
17748
19544
20510
20030
21112
23850
24468
25180
25930
26496
27602
29142
31526
32220
31626
32228
32862
33090
33742
33820
33990
34094
34772
35356
35968
34446
35068
36058
36266
36698
36138
35554
36300
36340
35310
35010
33836
35190
35778
34954
34510
34586
35146
35176
33318
33994
33834
34078
33956
34114
32994
33346
33422
33406
32932
33192
33504
33484
33472
33010
33268
33364
33470
33002
32868
32782
33274
33212
33046
32730
33006
33182
33160
32834
33086
33102
33404
33284
32954
32970
33194
33312
32830
32902
32848
33284
33412
32954
32886
32730
33048
33076
32834
32686
32592
33072
32866
32910
32556
32550
32708
32564
32338
32530
32628
32796
32600
32398
32332
32342
32444
32420
32368
32398
32564
32534
32436
32314
32338
32366
32278
32316
32374
32238
32362
32276
32158
32070
32032
32034
32002
31934
31940
31936
31940
31864
31956
31922
31962
31908
31980
32076
32036
32162
32152
32150
32006
32170
32304
32318
32276
32324
32410
32652
32598
32420
32328
32546
32356
32544
32334
32384
32536
32412
32448
32296
32144
32308
32282
32232
32256
32184
32254
32190
32200
32138
32110
32188
32174
32026
32208
32122
32198
32132
32068
31982
31980
31914
32032
32000
32042
32134
32036
31996
31994
31934
31930
31770
31998
32068
32006
31998
31908
31762
31828
31848
31896
31846
31908
32036
32016
31954
31998
31946
31908
31948
31882
31910
32030
31978
32120
32034
32060
31966
31978
31922
31952
32012
31968
31972
31928
31954
31948
31860
31904
31868
31846
32018
31968
32060
31992
32014
32016
31898
31944
31992
31982
32040
32046
32202
32130
32046
32022
32074
32076
32170
32028
32018
32184
32220
32160
32086
32034
32076
32192
32118
32124
32146
32212
32152
32124
32082
32040
32154
32032
32116
32174
32222
32228
32136
32112
32114
32152
32104
32056
32136
32114
32188
32196
32098
31952
31998
32022
31948
32006
32064
32096
32092
32114
31954
31978
32000
31980
32034
31848
31998
32188
32042
32112
32098
31980
31958
32048
32054
31986
31968
32056
32022
31910
31878
31862
31904
31806
31976
31850
31908
31994
31856
31926
31872
31824
31802
31706
31836
31828
31832
31788
31866
31814
31752
31736
31866
31854
31886
31766
31736
31818
31922
31728
31774
31760
31874
31886
31810
31936
31910
31876
31794
31822
31872
31980
31890
31970
31878
31998
31930
31916
31920
31844
31900
31966
32008
31938
31958
31882
31862
31950
31890
31858
31808
31888
31862
31998
31954
31932
31804
31974
31832
31854
31844
31984
31970
31996
32036
32022
32004
31930
31994
31952
32022
32040
32086
32072
31994
31980
32006
31896
31758
31874
31878
31930
31906
32000
31924
31844
31854
31904
31860
31926
31930
31990
32008
31964
31992
31988
31850
31946
31884
31882
31922
31786
32020
31938
31880
31842
31832
31942
31980
31954
32050
32096
32124
32108
32078
31924
32040
32034
31898
32016
32086
32034
31924
31918
31858
31744
31810
31662
31772
31834
31804
31886
31832
31868
31760
31786
31708
31780
31912
31872
31916
32018
31994
31942
31916
32036
32028
32056
32062
32084
32228
32092
32072
32064
32030
32066
32096
32048
32126
32172
32170
32082
32032
31930
31980
31918
31936
31974
32004
32042
32008
31982
31904
31858
31916
31940
31680
32026
32020
31966
32014
31998
31850
31920
32010
31982
31892
32052
32004
31938
32000
31944
31968
31976
31910
31984
32032
31988
32056
32084
31904
31894
31966
32044
32010
32026
32044
32096
32104
31948
32078
31986
32002
31988
32016
31938
32016
31994
31906
31902
31952
31892
31846
31902
32030
32014
31982
31958
32010
31936
31920
31954
31996
32054
31900
32074
32108
32036
32058
32198
31912
31888
40858
41214
41560
41650
42000
42500
42692
42936
43178
43624
43884
44324
44578
44920
45352
45710
45928
46228
46606
46940
47324
47452
47688
48192
48364
48668
48960
49204
49466
49758
49938
50162
50422
50638
50946
51164
51532
51714
51856
51876
52266
52504
52660
52874
52994
53488
53606
53704
53892
53954
54064
54492
54554
54676
54786
55262
55546
55624
55890
55462
56010
56222
56374
56414
56664
56544
56332
56798
56482
56970
56858
56682
56924
56906
56316
56952
56662
56778
56734
56560
56538
56318
56336
56290
56368
56150
55296
55660
55628
55786
55154
55132
54774
55304
55194
54568
54728
54542
54330
54176
53932
53682
53434
53480
53336
52772
52596
52366
52122
52114
51884
51674
51424
51280
50888
50840
50588
50396
50186
49966
49736
49500
49350
49040
48920
48550
48314
47940
47564
47404
46938
46610
46208
45724
45654
45194
44612
44200
43930
43544
43146
42656
42182
42004
41510
41112
40700
40362
40288
39694
39350
39046
38734
38560
38196
37986
37638
37404
37176
36978
36696
36492
36292
36124
35936
35742
35568
35404
35240
35078
34908
34772
34620
34516
34436
34296
34210
34116
34036
33966
33928
33860
33856
33804
33764
33730
33728
33658
33600
33586
33530
33498
33432
33364
33312
33262
33222
33164
33106
33054
32992
32942
32904
32828
32786
32748
32690
32662
32620
32564
32548
32510
32480
32452
32442
32428
32420
32398
32396
32400
32404
32418
32434
32450
32464
32478
32530
32554
32592
32630
32686
32718
32782
32852
32930
32992
33064
33156
33242
33356
33452
33566
33694
33804
33950
34062
34178
34320
34432
34622
34726
34856
34988
35124
35302
35462
35608
35770
35990
36138
36346
36554
36794
37090
37354
37604
37880
38186
38668
38860
39268
39586
39930
40464
40634
41014
41324
41654
42188
42430
42800
42854
43178
43508
43854
44094
44336
44686
45016
45560
45776
46118
46398
46758
47092
47506
47790
48242
48624
49032
49426
49834
50190
50568
50968
51356
51566
51972
52280
52422
52804
52932
53024
53336
53710
53788
53562
53916
53952
54530
54776
54536
54768
54876
55212
55318
54996
54838
55190
55544
55260
55326
55658
55824
56084
55728
55862
55876
56178
56342
56144
56154
56076
56172
56372
56354
56022
56354
56280
56186
56034
55758
56074
55910
55726
55628
55556
55438
55590
55266
55218
55122
55194
55104
54172
54830
54622
54778
54776
54148
54268
54326
54440
54280
54142
53880
53990
54228
53882
53522
53872
53908
53784
53258
53324
53108
52908
53128
52540
52454
52320
52144
52020
51690
51468
51118
50942
50630
50382
50206
49880
49566
49258
48970
48638
48328
47974
47698
47364
46944
46656
46286
45918
45774
45196
44800
44356
44144
43798
43354
42888
42626
42400
41878
41530
41172
40936
40742
40242
39800
39444
39202
38806
38554
38168
37856
37594
37296
37070
36820
36578
36358
36152
35952
35712
35608
35348
35176
35012
34858
34704
34592
34480
34342
34196
34070
33980
33878
33754
33640
33542
33444
33346
33260
33148
33068
32986
32896
32824
32754
32694
32640
32564
32510
32458
32412
32376
32328
32300
32258
32234
32208
32194
32172
32162
32144
32130
32090
32110
32102
32098
32104
32094
32094
32094
32112
32130
32158
32186
32210
32256
32296
32348
32390
32458
32512
32578
32648
32714
32782
32852
32926
33004
33068
33132
33204
33262
33356
33420
33476
33550
33630
33682
33788
33852
33940
34034
34140
34248
34350
34474
34576
34708
34846
34998
35110
35262
35418
35612
35738
35910
36142
36290
36494
36672
36886
37148
37340
37590
37816
38074
38326
38634
38980
39178
39466
39736
40116
40420
40664
40936
41322
41636
41956
42256
42724
43048
43644
43920
44174
44596
45002
45410
45826
45988
46458
46716
47146
47294
47500
47836
48110
48340
48558
48752
48992
49256
49508
49754
49968
50306
50580
50888
51166
51380
51556
51798
51920
52328
52448
52610
52652
52946
53256
53198
53244
53286
53402
53634
53512
53348
53524
53768
53828
53664
53664
53490
53856
53830
53632
53548
53874
54010
54114
54114
53816
53926
54186
54184
54322
54304
54362
54418
54122
54176
54454
54376
54256
54378
54498
54434
54570
54128
54572
54512
54450
54772
54618
54696
54794
54938
55048
55064
54688
54456
54948
55176
55044
55026
55020
55060
54996
54840
54632
54866
54968
54724
54712
54230
54358
54354
54094
54226
53820
53666
53602
53400
53254
53086
52940
52598
52338
51934
51834
51646
51312
50998
50730
50366
50074
49670
49312
48896
48528
48102
47826
47304
46916
46496
46094
45942
45514
45030
44610
44224
43970
43680
43222
42876
42494
42164
41930
41362
40928
40562
40242
39800
39382
39008
38614
38218
37864
37484
37122
36774
36422
36112
35796
35488
35228
34916
34670
34414
34168
33960
33756
33550
33360
33188
33024
32846
32700
32566
32446
32322
32204
32126
32046
31980
31926
31874
31838
31798
31780
31766
31756
31764
31754
31776
31806
31816
31828
31848
31866
31888
31898
31918
31930
31942
31960
31966
31960
31986
31986
31996
32000
31998
32024
32034
32056
32078
32084
32112
32138
32166
32190
32238
32276
32294
32342
32358
32408
32432
32470
32492
32524
32570
32624
32686
32754
32840
32936
33036
33156
33298
33450
33628
33808
34010
34220
34482
34698
34932
35188
35444
35750
36018
36300
36600
36912
37240
37622
37864
38238
38576
38918
39268
39690
39926
40292
40640
40970
41274
41646
41984
42280
42880
43084
43250
43724
44006
44346
44672
45024
45644
45906
46130
46376
46766
47222
47516
47646
47814
48224
48300
48530
48702
48876
49110
49304
49540
49682
49802
49808
50142
50268
50416
50562
50716
50880
51076
51224
51274
51202
51390
51604
51584
51682
51648
51804
51972
51996
51852
51996
51994
51942
52116
52098
52110
52060
52114
52118
52076
52202
52212
52138
52068
52254
52352
52278
52608
52310
52482
52464
52484
52672
52482
52568
52744
52670
52740
52444
52552
52768
52762
52836
52656
52742
52772
52874
52566
52666
52606
52636
52786
52400
52454
52524
52506
52656
52384
52518
52304
52490
52506
52378
52362
52168
52298
52276
51994
51908
52026
51874
51694
51616
51422
51338
51140
50960
50712
50484
50144
49986
49670
49432
49176
48770
48450
48230
47836
47514
47090
46802
46540
46280
45876
45344
45340
44976
44442
44094
43696
43530
43316
42792
42376
42002
41866
41360
41130
40636
40226
39956
39428
39088
38712
38314
37968
37742
37244
36882
36540
36198
35886
35592
35314
35016
34780
34520
34274
34028
33830
33618
33414
33228
33048
32868
32728
32580
32464
32356
32254
32170
32096
32018
31954
31892
31830
31772
31728
31682
31654
31610
31576
31546
31508
31482
31466
31448
31422
31402
31396
31368
31354
31344
31334
31294
31300
31294
31298
31292
31294
31300
31302
31302
31316
31326
31346
31388
31404
31454
31492
31546
31598
31652
31698
31762
31818
31878
31934
32018
32086
32162
32238
32308
32392
32458
32546
32608
32668
32744
32784
32840
32898
32954
33012
33064
33108
33170
33226
33280
33334
33386
33472
33536
33614
33706
33796
33904
34014
34124
34264
34404
34536
34708
34832
34964
35124
35300
35458
35614
35802
35978
36176
36410
36630
36868
37114
37380
37692
38012
38348
38784
39228
39574
40042
40508
40992
41454
42006
42422
42978
43438
44086
44386
44930
45316
45818
46314
46576
46972
47338
47716
47950
48138
48440
48664
48900
49006
49108
49252
49362
49482
49612
49728
49802
49906
50092
50280
50420
50572
50806
50918
51132
51124
51370
51586
51782
51964
52076
52206
52418
52448
52942
52838
53016
53176
53244
53494
53284
53428
53348
53392
53606
53398
53418
53554
53552
53532
53414
53270
53304
53422
53416
53138
53248
53248
53522
53428
53286
53224
53460
53632
53564
53462
53518
53472
53700
53366
53370
53558
53474
52936
53242
53378
53328
53448
53234
53220
53202
52928
53154
53138
52854
53058
53090
53190
53004
53030
52948
52834
52902
52964
52784
52718
52820
52508
52606
52486
52480
52410
52310
52102
52166
52192
52154
52078
51920
51606
51690
51534
51430
51178
50948
50876
50590
50338
50064
49802
49502
49176
48888
48578
48238
47656
47256
46760
46418
46016
45300
44818
44438
44032
43394
42810
42262
41880
41282
40804
40222
39734
39224
38648
38070
37620
37024
36458
35928
35386
34874
34346
33848
33342
32862
32394
31938
31540
31154
30806
30512
30276
30408
30356
30374
30388
30356
30366
30370
30368
30356
30352
30338
30340
30332
30306
30208
30294
30302
30298
30268
30272
30240
30290
30290
30284
30270
30272
30276
30262
30264
30256
30242
30252
30258
30246
30248
30248
30230
30230
