31880
31770
31810
31850
31850
31870
31850
31840
31850
31860
31856
31884
31884
31887
31906
31910
31939
31952
31953
31956
31981
31973
31981
31983
31980
31982
31975
31965
31966
31957
31952
31953
31951
31939
31919
31906
31885
31873
31857
31833
31818
31809
31791
31772
31760
31762
31757
31756
31755
31765
31754
31752
31763
31771
31779
31766
31773
31781
31766
31784
31800
31815
31816
31831
31842
31843
31846
31840
31861
31864
31858
31854
31857
31847
31843
31846
31855
31861
31876
31859
31865
31860
31853
31846
31833
31832
31825
31826
31817
31823
31823
31820
31825
31840
31838
31836
31826
31821
31816
31791
31784
31780
31776
31778
31788
31797
31827
31843
31853
31898
31925
31956
31978
31975
31988
31998
31992
31992
31998
31993
31972
31954
31941
31926
31899
31875
31865
31850
31838
31824
31823
31817
31796
31800
31803
31798
31789
31790
31790
31777
31762
31767
31775
31771
31767
31777
31778
31769
31759
31755
31752
31759
31750
31751
31758
31756
31774
31795
31818
31850
31877
31871
31890
31912
31934
31968
31980
32005
32014
32021
32030
32041
32053
32059
32066
32062
32061
32061
32057
32048
32041
32040
32044
32035
32039
32041
32047
32038
32037
32035
32025
32028
32019
32019
32007
31998
31984
31975
31973
31960
31960
31946
31934
31938
31937
31937
31945
31943
31935
31945
31955
31962
31973
31979
31988
32009
32019
32039
32054
32073
32097
32119
32147
32163
32180
32199
32204
32200
32207
32204
32191
32184
32167
32150
32144
32109
32096
32083
32055
32037
32009
31988
31962
31941
31916
31900
31881
31867
31866
31857
31869
31877
31884
31896
31912
31918
31929
31937
31943
31956
31949
31955
31965
31977
31971
31983
31990
32001
32005
32019
32038
32040
32059
32072
32090
32089
32087
32089
32091
32082
32073
32077
32064
32049
32037
32024
32007
31985
31969
31943
31927
31910
31883
31868
31852
31842
31837
31841
31851
31855
31856
31855
31869
31863
31863
31863
31867
31867
31855
31864
31869
31872
31868
31877
31876
31876
31863
31838
31838
31842
31845
31831
31823
31820
31811
31805
31811
31815
31813
31808
31805
31806
31807
31799
31804
31812
31805
31815
31826
31816
31815
31816
31814
31810
31809
31810
31816
31828
31824
31843
31845
31852
31856
31863
31861
31844
31843
31837
31843
31833
31825
31823
31830
31825
31831
31856
31872
31869
31876
31885
31898
31900
31894
31905
31901
31896
31890
31907
31906
31904
31902
31897
31895
31885
31882
31876
31874
31867
31868
31862
31861
31857
31856
31854
31856
31868
31862
31864
31858
31856
31855
31853
31859
31850
31850
31847
31867
31867
31864
31863
31866
31868
31864
31878
31890
31889
31892
31906
31918
31931
31928
31948
31961
31970
31976
31992
32004
32007
32011
32012
32020
32012
32020
32019
32024
32022
32018
32018
32015
32016
32018
32029
32006
31999
31979
31971
31953
31928
31908
31885
31862
31830
31811
31802
31796
31776
31761
31741
31729
31713
31698
31674
31688
31683
31682
31685
31677
31682
31687
31705
31723
31752
31764
31783
31806
31819
31843
31865
31878
31892
31908
31925
31928
31930
31916
31911
31911
31893
31878
31855
31825
31790
31749
31727
31712
31692
31683
31693
31686
31667
31660
31669
31692
31687
31676
31672
31665
31653
31659
31682
31702
31712
31716
31730
31752
31763
31765
31762
31760
31760
31771
31788
31794
31793
31793
31803
31800
31816
31825
31834
31836
31836
31846
31858
31856
31845
31833
31819
31827
31827
31813
31797
31785
31778
31790
31810
31833
31859
31860
31874
31879
31897
31921
31934
31942
31943
31945
31929
31940
31933
31935
31924
31896
31875
31851
31839
31819
31825
31812
31818
31827
31834
31847
31860
31857
31864
31877
31882
31892
31890
31900
31901
31907
31916
31936
31943
31956
31963
31969
31975
31968
31971
31958
31936
31922
31912
31900
31896
31883
31884
31875
31871
31889
31903
31919
31921
31931
31942
31952
31965
31986
32005
32015
32045
32069
32103
32120
32136
32188
32214
32237
32247
32251
32263
32277
32292
32325
32351
32359
32367
32376
32388
32411
32432
32429
32428
32428
32433
32436
32439
32436
32443
32446
32415
32415
32418
32395
32381
32353
32331
32302
32280
32267
32263
32245
32225
32231
32224
32213
32204
32209
32217
32214
32218
32229
32249
32283
32315
32349
32370
32408
32449
32485
32516
32556
32590
32620
32642
32642
32684
32728
32771
32812
32831
32835
32888
32916
32954
32974
32959
32965
32954
32926
32945
32973
32990
32999
32996
33029
33090
33137
33140
33189
33219
33256
33289
33345
33373
33411
33464
33506
33555
33578
33588
33667
33675
33677
33670
33690
33708
33698
33670
33655
33727
33764
33798
33783
33843
33939
34035
34131
34180
34304
34470
34612
34755
34925
35194
35455
35676
35944
36268
36531
36816
37092
37280
37472
37579
37692
37752
37570
37434
37456
37409
37415
37378
37400
37517
37560
37602
37847
38150
38482
38802
38934
39143
39553
39881
40157
40562
41029
41554
42033
42486
43133
43591
44132
47920
47520
46930
46210
46170
46350
46340
46180
46140
46190
45898
45767
45534
45417
45274
44959
41090
40900
40970
41510
41870
41650
41740
41900
42210
42460
42712
43206
43753
44082
44203
44786
45132
45746
46266
46713
47126
47571
48053
48270
48810
49350
49700
50190
50560
50490
50690
50620
50760
50978
51142
51033
51037
50998
50665
50783
50778
51082
51037
50732
50329
50109
49983
49640
49378
48779
48244
47723
47227
47172
47208
47275
47274
47247
47255
47670
48038
48131
48345
48473
48483
48742
48837
48883
49022
49034
48929
48931
48535
48372
48155
47837
47137
46698
46326
45911
45539
45039
45031
44704
44680
44416
44360
44363
44450
44477
44448
44341
44303
44468
44477
44431
44649
44633
44596
44629
44636
44724
44811
44825
44974
45035
44890
44855
45014
44931
44846
45123
45215
45588
45782
46060
46461
46965
47382
47845
48046
47724
47770
47804
47843
47702
47618
47440
47078
46497
46052
45853
45525
44758
43815
43100
42376
41578
40640
39962
39459
38934
38332
37894
37706
37568
37448
37490
37547
37663
37807
38299
38820
39171
39534
39975
40434
40816
41107
41452
41790
42187
42307
42669
42864
43158
43479
43538
43817
44140
44438
44671
44840
44918
45165
45320
45394
45537
45737
45655
45718
45398
45231
44965
44641
44324
43883
43427
43000
42631
42192
41763
41377
41119
40850
40480
40059
39733
39507
39328
39301
39294
39330
39414
39439
39244
39136
38967
38465
38066
37342
36671
35885
34978
34026
33237
32456
31719
30983
30110
29379
28788
28164
27492
26823
26189
25810
25367
24936
24525
24049
23594
23129
22728
22425
22115
21550
21070
20648
20281
19880
19357
18809
18194
17520
17233
16684
15990
15240
14512
13757
12848
11878
11277
10844
9909
9253
8372
7636
7033
6809
6278
6020
5598
5196
5127
4885
4739
4748
4552
4320
4270
4192
4112
3953
3617
3389
3429
3305
3385
3139
3331
3271
3430
3458
3581
3731
3958
4125
4467
4541
4455
4731
5281
5927
6343
6761
7341
8094
8649
9469
10517
11598
12170
17210
16800
17110
17720
18270
18570
18930
19540
20090
20600
21474
22484
23470
24430
25531
26750
27801
28638
29478
30269
31050
31783
32422
32917
33242
33555
33989
34211
34431
34727
34979
35266
35480
35626
35779
35878
35813
35870
35747
35661
35612
35438
35276
35179
35063
34946
34746
34644
34644
34532
34350
34266
34114
33990
33818
33641
33603
33523
33490
33431
33383
33273
33300
33302
33307
33267
33260
33219
33196
33169
33126
33098
33072
33054
33023
33006
33028
33060
33073
33080
33071
33095
33114
33127
33094
33101
33077
33095
33096
33063
33056
33032
33017
32993
32993
32971
32946
32925
32870
32866
32833
32815
32781
32730
32680
32665
32668
32640
32614
32562
32540
32519
32493
32479
32482
32468
32462
32436
32419
32411
32411
32413
32396
32385
32386
32370
32350
32324
32296
32272
32242
32209
32182
32144
32101
32071
32029
31988
31968
31953
31946
31933
31931
31945
31954
31977
31998
32027
32032
32057
32091
32132
32161
32186
32224
32273
32317
32344
32376
32413
32418
32441
32447
32453
32465
32441
32426
32413
32395
32371
32364
32333
32325
32305
32277
32255
32231
32215
32212
32200
32189
32168
32163
32157
32151
32145
32131
32116
32103
32076
32062
32060
32044
32045
32029
32015
32008
32003
31998
31984
31980
31986
31982
31968
31955
31932
31915
31906
31902
31909
31900
31897
31898
31894
31903
31921
31929
31939
31938
31945
31958
31952
31963
31971
31978
31980
31987
31985
31992
32002
31995
31995
31975
31967
31955
31945
31938
31932
31921
31921
31921
31930
31937
31943
31950
31953
31957
31970
31984
31987
31995
32009
32023
32026
32027
32045
32058
32076
32080
32077
32091
32093
32096
32100
32101
32101
32113
32107
32117
32130
32133
32126
32122
32122
32123
32131
32115
32115
32120
32128
32129
32127
32126
32129
32140
32135
32137
32139
32133
32129
32126
32122
32106
32094
32081
32065
32060
32053
32051
32042
32034
32020
32022
32023
32019
32028
32012
32005
32014
32009
32009
32023
32024
32019
32025
32027
32041
32038
32025
32023
32003
31981
31969
31964
31940
31932
31919
31913
31907
31890
31891
31891
31887
31877
31867
31853
31850
31843
31822
31823
31812
31800
31791
31797
31812
31817
31811
31801
31804
31810
31801
31803
31806
31807
31810
31803
31820
31838
31844
31831
31841
31851
31873
31875
31884
31890
31896
31898
31902
31915
31917
31920
31918
31929
31925
31933
31922
31915
31919
31916
31917
31907
31899
31885
31891
31891
31896
31890
31892
31886
31886
31890
31900
31911
31911
31919
31928
31948
31944
31960
31970
31988
31994
32005
32013
32009
32005
32005
32001
31977
31969
31954
31943
31925
31918
31911
31897
31882
31883
31894
31899
31905
31911
31921
31917
31924
31938
31938
31942
31944
31940
31939
31918
31920
31917
31906
31892
31890
31890
31900
31907
31920
31951
31961
31978
31997
32005
32026
32035
32026
32032
32035
32029
32009
31990
31968
31950
31927
31890
31878
31860
31832
31817
31808
31803
31794
31798
31787
31799
31813
31817
31828
31841
31857
31865
31880
31905
31937
31964
31979
32000
32031
32039
32047
32059
32071
32074
32081
32080
32086
32095
32090
32089
32085
32072
32067
32052
32036
32029
32017
32004
31987
31977
31964
31956
31949
31952
31927
31932
31934
31926
31927
31928
31923
31930
31940
31944
31965
31968
31966
31963
31962
31957
31968
31973
31963
31963
31977
31970
31975
31990
31980
31975
31975
31982
31992
31996
31997
32008
32013
31999
32016
32025
32029
32023
32023
32014
32011
32001
31981
31977
31965
31956
31940
31932
31934
31942
31939
31935
31946
31949
31946
31952
31967
31982
31969
31975
31987
31995
31999
32025
32024
32017
0
0
0
0
0
0
0
0
0
0
0
0
0
0
0
0
0
0
0
0
0
0
0
0
0
0
0
0
0
0
0
0
0
0
0
0
0
0
0
0
0
0
0
0
0
0
0
0
0
0
0
0
0
0
0
0
0
0
0
0
0
0
0
0
0
0
0
0
0
0
0
0
0
0
0
0
0
0
0
0
0
0
0
0
0
0
0
0
0
0
0
0
0
0
0
0
0
0
0
0
0
0
0
0
0
0
0
0
0
0
0
0
0
0
0
0
0
0
0
0
0
0
0
0
0
0
0
0
0
0
0
0
0
0
0
0
0
0
0
0
0
0
0
0
0
0
0
0
0
0
0
0
0
0
0
0
0
0
0
0
0
0
0
0
0
0
0
0
0
0
0
0
0
0
0
0
0
0
0
0
0
0
0
0
0
0
0
0
0
0
0
0
0
0
0
0
0
0
0
0
0
0
0
0
0
0
0
0
0
0
0
0
0
0
0
0
0
0
0
0
0
0
0
0
0
0
0
0
0
0
0
0
0
0
0
0
0
0
0
0
0
0
0
0
0
0
0
0
0
0
0
0
0
0
0
0
0
0
0
0
0
0
0
0
0
0
0
0
0
0
0
0
0
0
0
0
0
0
0
0
0
0
0
0
0
0
0
0
0
0
0
0
0
0
0
0
0
0
0
0
0
0
0
0
0
0
0
0
0
0
0
0
0
0
0
0
0
0
0
0
0
0
0
0
0
0
0
0
0
0
0
0
0
0
0
0
0
0
0
0
0
0
0
0
0
0
0
0
0
0
0
0
0
0
0
0
0
0
0
0
0
0
0
0
0
0
0
0
0
0
0
0
0
0
0
0
0
0
0
0
0
0
0
0
0
0
0
0
0
0
0
0
0
0
0
0
0
0
0
0
0
0
0
0
0
0
0
0
0
0
0
0
0
0
0
0
0
0
0
0
0
0
0
0
0
0
0
0
0
0
0
0
0
0
0
0
0
0
0
0
0
0
0
0
0
0
0
0
0
0
0
0
0
0
0
0
0
0
0
0
0
0
0
0
0
0
0
0
0
0
0
0
0
0
0
0
0
0
0
0
0
0
0
0
0
0
0
0
0
0
0
0
0
0
0
0
0
0
0
0
0
0
0
0
0
0
0
0
0
0
0
0
0
0
0
0
0
0
0
0
0
0
0
0
0
0
0
0
0
0
0
0
0
0
0
0
0
0
0
0
0
0
0
0
0
0
0
0
0
0
0
0
0
0
0
0
0
0
0
0
0
0
0
0
0
0
0
0
0
0
0
0
0
0
0
0
0
0
0
0
0
0
0
0
0
0
0
0
0
0
0
0
0
0
0
0
0
0
0
0
0
0
0
0
0
0
0
0
0
0
0
0
0
0
0
0
0
0
0
0
0
0
0
0
0
0
0
0
0
0
0
0
0
0
0
0
0
0
0
0
0
0
0
0
0
0
0
0
0
0
0
0
0
0
0
0
0
0
0
0
0
0
0
0
0
0
0
0
0
0
0
0
0
0
0
0
0
0
0
0
0
0
0
0
0
0
0
0
0
0
0
0
0
0
0
0
0
0
0
0
0
0
0
0
0
0
0
0
0
0
0
0
0
0
0
0
0
0
0
0
0
0
0
0
0
0
0
0
0
0
0
0
0
0
0
0
0
0
0
0
0
0
0
0
0
0
0
0
0
0
0
0
0
0
0
0
0
0
0
0
0
0
0
0
0
0
0
0
0
0
0
0
0
0
0
0
0
0
0
0
0
0
0
0
0
0
0
0
0
0
0
0
0
0
0
0
0
0
0
0
0
0
0
0
0
0
0
0
0
0
0
0
0
0
0
0
0
0
0
0
0
0
0
0
0
0
0
0
0
0
0
0
0
0
0
0
0
0
0
0
0
0
0
0
0
0
0
0
0
0
0
0
0
0
0
0
0
0
0
0
0
0
0
0
0
0
0
0
0
0
0
0
0
0
0
0
0
0
0
0
0
0
0
0
0
0
0
0
0
0
0
0
0
0
0
0
0
0
0
0
0
0
0
0
0
0
0
0
0
0
0
0
0
0
0
0
0
0
0
0
0
0
0
0
0
0
0
0
0
0
0
0
0
0
0
0
0
0
0
0
0
0
0
0
0
0
0
0
0
0
0
0
0
0
0
0
0
0
0
0
0
0
0
0
0
0
0
0
0
0
0
0
0
0
0
0
0
0
0
0
0
0
0
0
0
0
0
0
0
0
0
0
0
0
0
0
0
0
0
0
0
0
0
0
0
0
0
0
0
0
0
0
0
0
0
0
0
0
0
0
0
0
0
0
0
0
0
0
0
0
0
0
0
0
0
0
0
0
0
0
0
0
0
0
0
0
0
0
0
0
0
0
0
0
0
0
0
0
0
0
0
0
0
0
0
0
0
0
0
0
0
0
0
0
0
0
0
0
0
0
0
0
0
0
0
0
0
0
0
0
0
0
0
0
0
0
0
0
0
0
0
0
0
0
0
0
0
0
0
0
0
0
0
0
0
0
0
0
0
0
0
0
0
0
0
0
0
0
0
0
0
0
0
0
0
0
0
0
0
0
0
0
0
0
0
0
0
0
0
0
0
0
0
0
0
0
0
0
0
0
0
0
0
0
0
0
0
0
0
0
0
0
0
0
0
0
0
0
0
0
0
0
0
0
0
0
0
0
0
0
0
0
0
0
0
0
0
0
0
0
0
0
0
0
0
0
0
0
0
0
0
0
0
0
0
0
0
0
0
0
0
0
0
0
0
0
0
0
0
0
0
0
0
0
0
0
0
0
0
0
0
0
0
0
0
0
0
0
0
0
0
0
0
0
0
0
0
0
0
0
0
0
0
0
0
0
0
0
0
0
0
0
0
0
0
0
0
0
0
0
0
0
0
0
0
0
0
0
0
0
0
0
0
0
0
0
0
0
0
0
0
0
0
0
0
0
0
0
0
0
0
0
0
0
0
0
0
0
0
0
0
0
0
0
0
0
0
0
0
0
